g0 = 9.000000
g1 = 11.000000
g2 = 4.000000

g0 = 11.000000
g1 = 10.000000
g2 = 4.000000
