Answer: 0.500000
Answer: 0.250000
Answer: 0.750000
